6750
8625
2252
4360
17809
15792
4830
6216
9218
6515
2551
16999
12474
10963
2165
827
1651
7771
12723
16522
3961
8886
7621
1191
17229
9824
993
11003
3936
14012
12448
11425
16543
14848
2551
10336
8268
13321
11743
8319
3543
12723
3123
16526
3347
5296
7374
15038
17350
16973
12595
12403
7992
10032
1180
16329
8361
17809
14217
6802
1030
12584
6922
6390
17809
13533
12707
14023
11003
7613
16034
1262
12880
821
4398
15409
9053
17809
5448
6038
1651
17904
6197
17809
13
6753
7621
11260
5860
14826
9152
9844
663
11230
14501
12956
2029
11022
10992
7637
460
2712
484
1687
16530
7062
9124
12723
3239
1430
1427
3989
5501
17277
5714
13928
14939
13328
12224
7639
8158
2551
6396
11332
2517
7361
3575
13382
18228
3746
18198
8247
4360
12723
17647
17237
11135
9357
10671
3232
10031
5053
8710
7119
10051
2193
10504
17694
5364
12723
8878
12723
7146
1089
1011
17882
2248
1086
12228
5496
14832
17090
3114
1067
15663
13410
15394
7142
1919
8743
2677
9106
134
12723
15544
17809
14170
7232
7956
2192
17809
3313
10407
10302
18260
7637
4097
4483
13312
14390
6753
12206
16089
8038
2109
2985
10598
7585
4676
17809
16425
13620
13533
5569
6737
13943
11664
12058
17929
7262
9176
2719
2551
2551
11425
2477
4705
10448
4188
15018
11595
1651
18077
11308
12260
15786
11454
2556
7072
12530
11919
7621
6526
721
6349
9762
78
11998
16653
9691
7637
16776
10423
10411
7232
2535
12723
10524
16726
1651
17793
13580
6737
15691
16541
2551
16512
4180
1143
3704
1651
14688
7623
14553
5576
16853
5978
2130
12376
9161
12683
2535
7149
14188
9746
11044
5818
6394
7637
3648
9094
4244
13777
16421
8878
16778
4271
8026
5091
7509
11148
12815
7707
11344
17809
12723
5858
4539
11408
2544
12919
1823
16716
4221
2615
15668
7630
3750
12108
16002
5548
10730
14832
374
17351
8233
9928
10385
1648
10816
1473
4761
821
14133
3776
637
3792
2096
14464
7084
2486
15705
16071
8464
7637
662
16542
12396
6753
7193
7563
9225
11458
8042
9095
6946
410
5077
7812
7142
16182
2886
8403
8730
11869
17809
16560
9384
5512
12486
12314
10263
15331
3371
10237
2770
9343
12425
14848
12723
4284
9590
8509
12246
9322
1651
9459
5187
12600
16574
7567
11004
3669
9362
2056
11173
2371
12211
15888
11035
10344
9953
3896
10736
12723
16446
9267
9229
7667
3209
8287
12366
4171
11464
2492
16837
10578
14227
16346
16612
5350
14832
281
1651
8583
17367
9312
13948
18153
9591
7232
8301
12924
9052
5909
9762
7006
1695
3579
268
16221
2991
10558
11788
16089
7232
17881
16444
6157
10999
1759
15555
7621
8014
18245
11849
12723
11805
14832
17536
12667
16195
4676
10997
5322
3227
8360
11116
10987
11517
10813
13695
16552
4333
10093
5310
16671
12834
1639
5661
12085
17853
15671
5756
7637
16627
1651
7386
3160
15951
15576
13914
14812
6975
13112
6284
14427
7621
11326
10177
1260
6753
3515
1651
2882
3776
15052
8898
15146
15258
12862
4130
16867
10325
17304
2477
16063
6901
3161
11600
18187
5891
12473
14700
1916
17574
12723
12723
1924
8562
2010
11901
7637
10951
6322
9697
9260
12723
12348
6875
2551
15215
11851
5860
13171
5145
17809
1767
17894
1863
13358
16550
14848
546
1190
15299
8929
2320
8457
1970
17793
3604
7971
57
8321
12723
7913
10754
10036
4235
6110
10804
2551
352
2535
18119
5141
8050
16167
7637
6753
5291
15790
12552
2451
15026
12126
14880
12685
14700
6737
9189
17809
2551
5307
6811
8366
2848
11375
14832
17793
14130
9327
11334
2618
10598
1667
14832
6377
5288
223
11627
13172
15959
7637
14402
2278
17332
10188
4225
16111
11780
11090
7907
17081
7550
8221
8150
2146
8549
15349
15624
2551
15730
1667
18214
1198
1126
17274
9898
4483
988
14475
7247
5879
9298
13924
2815
7023
1667
7160
30
17744
1549
9685
1428
10558
1651
14607
9763
16161
9744
12199
9458
17793
6915
14628
7117
17271
15239
2075
8457
12373
4906
3809
5239
10972
5438
9785
4255
2050
241
10605
5496
6751
14233
12723
12723
7342
16362
13519
4676
816
4181
12224
14924
16257
3371
2453
16973
3755
1966
7562
17793
3867
6034
5015
8100
15658
18021
9676
10188
2403
17793
6777
7809
4676
7615
4371
13706
14450
2785
11482
17303
472
4524
391
12802
5045
6811
12723
4353
7621
2551
12962
4985
4787
6249
3247
2079
13599
16365
7615
4331
2551
987
7070
4867
6730
11483
8449
4658
9912
14620
3597
34
13049
12723
4145
11625
12212
9438
5114
2551
3231
15318
297
1651
12858
7516
324
11979
2551
11660
6526
17525
15393
4921
9746
12336
13049
6948
14853
4564
16493
9586
15266
4116
11334
7181
9762
6267
9808
133
12723
12183
13104
9786
11954
15610
2551
7989
9088
14005
2031
16346
13577
5400
12723
2551
11972
1651
5901
14832
7149
10596
17280
278
8570
12723
410
1651
11636
10122
6526
7637
8249
17164
17224
11343
13821
4979
2931
10584
16973
6370
12380
5769
4298
16632
8188
8548
16815
11334
2035
10473
1117
450
9746
4168
11536
2292
11002
4823
14192
17869
2551
14832
3277
18
2969
1871
11234
16957
14241
7637
14539
29
7811
9762
1189
14132
10932
743
9803
17715
4523
4847
17809
12452
5783
12723
12723
6784
12056
7637
2056
12723
7637
2551
10323
11282
12723
7343
2135
16442
14832
7637
1275
16957
10138
13676
18214
5483
12589
17809
4774
9832
17785
2236
4487
1165
13225
374
5655
14072
2551
14489
7161
18084
9762
11497
10552
11974
10848
3521
13234
17809
16870
12167
5472
11263
9650
12109
2179
8874
11999
12723
9474
7637
1284
9879
1932
2551
17809
10785
12199
16065
465
6527
911
3536
13385
12723
10808
11859
3361
10092
3040
6793
14848
15213
11711
5787
5917
4293
11319
10582
12114
3591
12073
10619
15349
6720
14171
829
14832
15626
12723
2187
16973
16790
5834
14832
319
13631
10683
546
5212
12434
704
9570
14548
7637
17809
4541
5496
10160
9762
8026
8862
1845
5829
7517
6359
1667
9820
12723
12723
12723
