6896
15836
17040
16898
5551
7737
7737
11489
15482
17224
1174
7697
7737
3817
15193
1033
6534
7202
17200
8987
784
14338
5111
7446
6439
4094
15654
9024
10237
8992
16042
10595
3449
10615
13544
8700
16443
6094
2591
12654
14771
14733
1501
3348
1041
8361
10304
11921
9894
7422
7657
4023
16995
4427
5518
12984
10965
7817
17700
362
7009
17293
8415
17361
14456
14878
17180
5679
15153
1427
9805
4329
12883
17388
1292
6205
2899
16056
9903
8560
11193
4764
7556
388
6976
9057
6366
15874
6878
7969
8728
2036
7737
9349
14129
5426
10911
5742
11125
15206
1001
16041
9831
9758
17726
3008
6936
1129
14020
6936
8446
17105
5998
18061
7016
7697
4850
13034
11723
14872
10699
15077
9552
15885
18234
2562
8933
7016
7697
15320
13349
3233
1041
7204
3099
2167
11705
16986
4381
7016
11828
9414
7737
12411
15599
15837
14484
17635
8462
3545
18226
14819
6775
6333
11749
3856
15463
4368
7684
5981
6722
5965
4164
3719
7697
17330
12024
14343
6966
4283
13959
7737
2209
11185
12083
6896
7697
1815
17392
16822
6936
8775
9881
8698
4003
4962
17271
14294
3308
8358
16877
11438
9886
2591
1264
3571
13952
6467
7518
7697
15592
2082
14820
7817
11530
8685
1519
11489
2707
3861
13445
13495
5242
14560
8139
10707
11530
4489
16515
2899
7777
1417
7817
16960
5098
7817
9406
4329
12764
8722
16932
15701
7697
12293
6009
4329
11468
9268
7791
506
1941
7729
5435
11612
17944
13765
3726
313
6605
7777
10328
8414
16944
16960
13592
5727
5210
2127
17927
7814
9994
12664
13632
8489
7737
4114
13592
7697
2458
16981
7891
13632
6495
11528
17627
1271
2167
5649
7855
7697
7314
10857
11996
7777
735
1999
14078
3608
8937
10299
9526
10102
3425
17303
7737
6455
4121
10417
11049
453
15454
7817
2341
6976
16870
3330
292
9218
6775
5142
16459
2869
9485
9374
7737
7697
7777
3999
11459
7777
5250
5715
14569
3007
3723
8524
15954
11999
9272
7445
7817
13806
2196
10150
8907
15428
16757
16031
17049
2522
3477
12974
11949
319
4293
9657
15880
4668
15006
12723
6976
15082
1041
10854
11910
7737
15914
11785
4612
14473
11265
12717
10250
7737
9635
10685
13248
779
15746
11145
5056
3467
9309
14473
4489
7016
12337
1116
10426
6976
7737
9274
7065
5495
13402
9034
7817
11113
13632
5850
6839
1297
4848
8870
17881
15751
16475
4760
10087
12593
6976
16084
15899
3684
10384
11745
5131
17395
1996
9196
2411
10002
7817
7884
4239
7697
16185
16874
1922
11261
1001
7777
6858
10733
14686
5785
16735
4413
4811
7390
3696
7962
16560
10633
17349
12124
10988
6726
10796
5847
14429
10358
17952
15865
8418
8772
9240
14969
759
5875
9349
8756
7817
11310
8822
17860
16890
4393
8229
14177
10790
7016
2198
7815
7669
4449
4779
2205
15268
15503
16730
9408
6370
12327
7422
13766
7940
5118
1728
7016
15508
7817
1218
14198
16733
646
16148
10323
10048
6976
14118
2680
766
5667
509
7737
13745
11131
5036
6976
9968
17080
5652
2285
13546
7737
17632
8824
11007
11181
14685
10634
2466
7016
3719
15357
15874
3437
4329
10744
18215
16652
138
12556
16691
13944
10303
5185
16300
17841
13445
11029
17841
18059
7817
3724
7695
1030
9002
6019
10710
12091
3393
5968
1016
3533
9603
5222
6548
2138
1260
2226
14737
4489
4709
14097
3673
16967
17335
10293
12231
6053
16724
7739
8296
7406
2015
17688
11861
15914
12734
7668
11313
9671
2618
11128
7697
5889
10736
3498
7125
14434
7016
10728
16971
11469
6736
14005
4369
7697
7777
6890
2120
4094
13585
7604
2059
3974
7422
5850
4673
17972
10264
7609
1839
4095
17038
1329
15217
7237
8749
7817
6976
13735
9518
12500
13672
4432
8217
16384
7829
15519
2932
10630
5923
7349
4673
18219
2067
14835
15254
17897
10710
10322
5704
15335
2332
1001
6976
7697
12129
8292
9020
5040
183
15548
6240
17526
17020
13581
5775
15127
3923
10109
7737
6776
8550
4449
15914
5539
16851
15111
13530
8029
16611
4992
10416
5192
5455
7716
7737
6558
15548
8601
7737
6976
10344
13154
11783
3029
4369
7737
10333
9967
13592
1642
15826
16622
14448
10275
7103
7777
14981
17436
108
14995
1079
8888
8682
2207
5654
17343
6389
16978
1451
6791
7697
2029
14856
13840
16173
8515
2424
17384
2565
7697
10508
14816
18186
12377
6021
6936
12478
16401
7937
13416
9668
13041
6896
8812
3144
675
7697
11081
3698
6936
2116
2093
16694
6549
3792
7697
2739
5725
7737
7817
15743
5191
12828
17853
7737
14444
16961
8591
4994
7251
4489
7697
7016
15408
15963
11304
17395
16563
15914
13672
6965
14854
7817
10620
15545
10839
10830
9065
16387
4428
18071
5506
9744
15651
15131
11497
12516
3804
4698
7737
14361
3935
14397
7737
7697
11076
8082
13720
1967
7817
17315
11614
3153
6991
2312
7777
14844
7139
9284
285
16244
5375
4529
4758
15590
9566
15794
9504
6540
4329
7737
1333
6976
7672
3318
7737
7585
4409
188
7737
8078
12695
726
7450
10857
4890
191
2349
17720
12731
5971
7697
6032
14135
263
10304
617
12502
7737
9709
10884
6578
5437
3059
2512
2744
14057
7777
16462
13745
6296
7212
6367
15728
11681
4454
15954
1812
15588
7817
5435
1204
10264
1973
7697
2192
12829
4708
6271
7817
11372
16775
16196
10568
4564
5994
11207
6272
6896
7817
16620
17082
3986
6936
6863
15324
2979
9512
16104
16023
5160
8852
2151
16333
4761
17080
9554
2526
11453
3621
14226
7817
4409
9437
8901
915
1750
3308
12352
3946
7697
1470
1919
14778
157
3761
16036
9639
1132
4391
5415
2458
162
6232
12708
7016
12060
12683
7697
3349
9595
7016
16934
6936
7817
13934
4690
12180
7737
3495
1014
15612
3133
12563
1431
7737
12265
307
13725
7832
10304
6153
12513
6183
9805
16216
8078
9728
17377
15914
7737
13692
4214
13867
9873
2555
10344
1050
16869
15695
2075
14624
3805
2482
4744
17451
12100
7737
14221
6947
9881
6896
17270
7737
3428
12885
1582
14005
10750
7061
11247
5236
3388
15193
